176 83 83
176 125 83
176 150 83
176 172 83
146 176 83
131 176 83
93 176 83
83 176 124
83 176 152
83 172 176
83 144 176
83 124 176
83 99 176
83 89 176
120 83 176
145 83 176
170 83 176
176 83 158
176 83 142
176 83 108
176 83 91
182 109 109
182 126 109
182 150 109
182 164 109
182 101 109
172 182 109
153 182 109
124 182 109
109 182 126
109 182 151
109 192 172
109 179 182
109 155 182
109 133 182
109 116 182
124 109 182
142 109 182
157 109 182
182 109 181
182 109 157
182 109 142
182 109 126
182 109 118
